1 2
2 3
3 4
4 5
5 6
6 7
7 8
8 9
9 10
10 11
12 13
13 14
14 15
15 16
16 17
17 18
18 19
19 20
20 21
21 22
23 24
24 25
25 26
26 27
27 28
28 29
29 30
30 31
31 32
32 33
34 35
35 36
36 37
37 38
38 39
39 40
40 41
41 42
42 43
43 44
45 46
46 47
47 48
48 49
49 50
50 51
51 52
52 53
53 54
54 55
56 57
57 58
58 59
59 60
60 61
61 62
62 63
63 64
64 65
65 66
67 68
68 69
69 70
70 71
71 72
72 73
73 74
74 75
75 76
76 77
78 79
79 80
80 81
81 82
82 83
83 84
84 85
85 86
86 87
87 88
89 90
90 91
91 92
92 93
93 94
94 95
95 96
96 97
97 98
98 99
100 101
101 102
102 103
103 104
104 105
105 106
106 107
107 108
108 109
109 110
111 112
112 113
113 114
114 115
115 116
116 117
117 118
118 119
119 120
120 121
1 12
5 16
7 18
11 22
12 23
14 25
15 26
20 31
21 32
22 33
23 34
25 36
32 43
33 44
34 45
39 50
44 55
45 56
46 57
48 59
51 62
53 64
55 66
67 78
70 81
72 83
76 87
77 88
78 89
87 98
88 99
89 100
91 102
92 103
95 106
96 107
98 109
99 110
100 111
101 112
109 120
110 121
1 67
2 68
4 70
6 72
8 74
11 77
